0	-176.920044
1	-165.019180
2	172.031647
3	162.008072
4	168.150620
5	-174.072906
6	178.784470
7	-171.183701
8	-168.594360
9	164.825317
10	149.237244
11	175.234314
12	-165.118668
13	176.283340
14	-164.879150
15	163.960693
16	-170.359299
17	167.054672
18	-173.358704
19	-164.381485
20	163.013870
21	-166.757416
22	-171.467346
23	-177.167999
24	-168.185349
25	164.682632
26	-152.972580
27	-162.456497
28	-155.016983
29	157.447189
30	155.579605
31	-165.718933
32	162.530563
33	-160.405075
34	169.194595
35	-162.219421
36	-156.474365
37	-179.222427
38	160.960449
39	173.163895
40	151.277802
41	166.828430
42	162.684097
43	167.348297
44	168.104340
45	156.097183
46	179.382233
47	-169.951523
48	-176.066803
49	-170.544357
50	-165.597137
51	164.575699
52	166.433563
53	163.081085
54	172.487381
55	153.894699
56	172.754761
57	149.787155
58	150.129288
59	168.810562
60	-165.447876
61	-162.465439
62	144.370209
63	-166.435822
64	158.208649
65	-173.014099
66	153.875336
67	-144.843796
68	165.245193
69	159.986465
70	-166.911850
71	-161.785767
72	-156.373596
73	165.684982
74	163.177673
75	171.431091
76	-151.232330
77	-170.435989
78	173.647629
79	-163.918579
80	170.021301
81	171.242432
82	149.331879
83	165.007233
84	174.729080
85	-162.048920
86	166.403214
87	-153.852081
88	-149.662521
89	170.828964
90	150.764847
91	144.737396
92	-171.025360
93	156.050430
94	-159.424088
95	167.225433
96	-176.277695
97	-161.585175
98	-156.015900
99	-166.963287
100	-169.177887
101	-160.399841
102	-167.786514
103	-168.983353
104	167.672913
105	-166.764008
106	-157.391891
107	155.406021
108	-160.366882
109	-168.712997
110	-171.991592
111	-172.906906
112	149.895050
113	170.727371
114	-175.904373
115	-155.482635
116	-168.743546
117	159.732880
118	151.037262
119	-170.126282
120	161.730515
121	-168.263855
122	165.494949
123	149.540680
124	170.448563
125	171.884827
126	-164.346863
127	159.397278
128	-149.330109
129	161.135651
130	-179.906189
131	-163.043701
132	-164.624863
133	-170.583939
134	-179.655411
135	-148.716141
136	150.452271
137	-159.313812
138	-169.109924
139	-174.708252
140	-175.129333
141	-155.219040
142	164.722885
143	178.177338
144	-160.974014
145	150.520584
146	170.923737
147	-174.675873
148	163.318970
149	-163.477066
150	149.105453
151	168.320480
152	151.565170
153	154.866257
154	163.721420
155	148.146927
156	-170.816650
157	-160.318985
158	158.733963
159	-163.692154
160	-171.900055
161	155.327698
162	-148.163864
163	149.768539
164	154.752548
165	171.904724
166	-160.183578
167	150.707367
168	-167.521393
169	176.002151
170	-159.753296
171	174.445892
172	172.901306
173	150.335358
174	-163.929642
175	-165.584183
176	159.907822
177	-156.161072
178	162.425140
179	149.682877
180	170.754547
181	-149.841171
182	-153.849136
183	-152.880264
184	145.135880
185	-153.535248
186	171.960876
187	-168.712738
188	-175.455948
189	173.672394
190	158.654373
191	-167.144608
192	-173.194824
193	157.139496
194	-152.120071
195	-171.711487
196	159.966690
197	-162.440598
198	162.388489
199	-162.404221
200	-155.499680
201	-171.133789
202	-162.070236
203	-164.524307
204	166.400085
205	-153.170898
206	158.422958
207	157.768982
208	166.785706
209	-160.880371
210	158.174393
211	-143.691025
212	165.183640
213	-162.566605
214	-166.250610
215	143.140625
216	-166.821869
217	-158.594238
218	162.198730
219	154.947525
220	-162.674698
221	-158.920792
222	-153.703232
223	166.806198
224	-167.189484
225	164.983017
226	-149.153030
227	-176.001831
228	-178.494263
229	169.629456
230	151.080612
231	-173.243347
232	-169.994431
233	151.497879
234	-153.799240
235	-157.282776
236	164.997116
237	171.545593
238	-169.612854
239	166.992798
240	165.307159
241	157.416550
242	-146.567825
243	-163.884872
244	148.905746
245	165.349442
246	-154.254990
247	-179.665298
248	169.514160
249	-160.459366
250	159.842300
251	172.545197
252	174.034912
253	-169.650772
254	-152.647705
255	177.599106
256	176.765121
257	-166.841385
258	-152.922531
259	-177.551559
260	-146.454681
261	-149.274170
262	174.844864
263	161.056793
264	177.416290
265	153.958633
266	161.349075
267	-163.237335
268	151.702637
269	149.677292
270	-168.029846
271	-168.292877
272	168.050018
273	-148.107452
274	174.806534
275	-159.538422
276	173.525513
277	-152.792648
278	-160.749252
279	174.535706
280	168.555756
281	-156.042770
282	155.116425
283	167.338470
284	178.703308
285	160.881531
286	159.694733
287	175.261810
288	169.470718
289	-168.640121
290	155.557571
291	-163.881393
292	-155.956711
293	-169.265732
294	175.530960
295	-172.771378
296	-169.405228
297	163.982285
298	168.018188
299	146.924484
300	160.918930
301	-174.862976
302	164.236252
303	-150.133682
304	-159.727219
305	169.276306
306	-170.496155
307	163.891022
308	154.140869
309	147.397797
310	165.275757
311	151.948151
312	-174.512573
313	155.623657
314	-167.436554
315	-158.087234
316	-153.647293
317	-166.640045
318	-158.088928
319	151.458115
320	169.771423
321	-177.090179
322	-160.490707
323	156.563492
324	-178.795776
325	-168.634048
326	-152.641144
327	167.273590
328	-167.007492
329	164.197556
330	156.139145
331	-159.852997
332	146.925186
333	173.787079
334	-163.448761
335	152.029480
336	174.665253
337	169.093262
338	169.676834
339	143.650543
340	-152.473419
341	-152.122955
342	-148.738754
343	-156.667389
344	168.519531
345	-156.385681
346	152.287460
347	169.386749
348	148.433273
349	151.695877
350	-163.053070
351	-150.827225
352	-169.028809
353	-152.725281
354	-164.591370
355	-173.315842
356	-168.554489
357	-168.932648
358	173.876877
359	169.513367
360	-155.269150
361	159.869049
362	178.752594
363	-176.447739
364	-159.648544
365	-153.968765
366	-159.327011
367	-174.409805
368	167.812897
369	-159.583771
370	145.617462
371	-160.129730
372	-149.384995
373	164.627777
374	170.767639
375	150.079895
376	162.540543
377	160.006332
378	-166.954025
379	176.713318
380	-171.837860
381	-169.363739
382	-149.894958
383	-152.089813
384	-160.453949
385	158.800003
386	-157.514236
387	165.730850
388	-149.193161
389	168.753128
390	167.265030
391	-173.238815
392	174.062668
393	154.707504
394	-179.745667
395	-151.345352
396	170.045105
397	149.787872
398	178.518814
399	155.760590
400	154.495865
401	-153.610153
402	159.531754
403	148.551651
404	156.403656
405	157.666504
406	-152.303284
407	169.026871
408	152.802200
409	172.888443
410	155.549240
411	-146.462357
412	-174.783615
413	149.582565
414	-165.963593
415	-168.348343
416	-174.378922
417	155.237671
418	-176.316833
419	-156.127045
420	-150.338882
421	162.586411
422	168.473007
423	152.033630
424	147.780045
425	155.705627
426	-171.451080
427	-158.376099
428	-179.704605
429	166.877014
430	-146.074646
431	179.300690
432	-164.776001
433	-162.003937
434	-148.135529
435	-170.856049
436	150.154251
437	-154.143066
438	160.540421
439	-158.964508
440	148.220398
441	176.219559
442	-162.761292
443	-164.638947
444	-160.115143
445	-168.494858
446	-163.148926
447	173.294998
448	-152.835464
449	168.203476
450	-171.034332
451	-158.623840
452	153.291016
453	172.825684
454	-163.775360
455	-165.507095
456	-157.527359
457	-170.906372
458	155.421448
459	178.450745
460	-161.375534
461	171.481857
462	179.548721
463	162.243332
464	158.832840
465	161.149048
466	-153.228134
467	144.566391
468	-157.599670
469	153.390518
470	-173.107300
471	-158.511536
472	154.279510
473	-151.460831
474	154.861923
475	-163.855270
476	-158.890823
477	150.227982
478	-157.828156
479	-161.537430
480	-177.230240
481	152.142471
482	156.405975
483	-156.913406
484	-170.217529
485	-165.065079
486	157.104401
487	-176.216599
488	166.255020
489	-154.953094
490	150.491501
491	154.012955
492	-153.247589
493	-150.922409
494	145.901474
495	161.766861
496	160.584274
497	-160.451248
498	169.276413
499	173.188705
500	171.895416
501	150.268860
502	151.522293
503	-152.779114
504	-171.100845
505	-169.033997
506	176.642563
507	158.997711
508	151.211166
509	-161.516632
510	-146.000610
511	-146.351196
512	-155.169067
513	-162.595612
514	-166.717087
515	162.965591
516	-157.440247
517	-149.885376
518	-147.942520
519	-175.822891
520	155.675812
521	166.253677
522	159.536758
523	155.187027
524	146.565170
525	175.230942
526	-164.668945
527	-151.813263
528	-170.703995
529	166.123993
530	159.393372
531	-156.060059
532	168.613754
533	155.774307
534	164.188324
535	-169.755875
536	-171.445557
537	148.667450
538	168.186508
539	152.114334
540	157.161362
541	169.486725
542	-147.740158
543	-151.945236
544	162.745010
545	-164.036255
546	175.863739
547	148.187515
548	-165.205887
549	146.906631
550	165.926865
551	156.315674
552	158.573761
553	168.860931
554	173.560867
555	-158.022888
556	160.922424
557	157.853027
558	-163.599670
559	164.950562
560	-166.955719
561	-159.350250
562	161.876297
563	-147.107788
564	173.742905
565	-159.173035
566	163.928238
567	-147.689087
568	-162.324249
569	164.649445
570	163.442551
571	-166.590103
572	-158.304108
573	167.170364
574	157.967178
575	-145.755508
576	150.079178
577	-173.411636
578	166.945007
579	-157.724609
580	-178.254181
581	-166.451050
582	165.232803
583	175.976334
584	-149.942932
585	-160.217087
586	-159.991913
587	156.798920
588	-163.700287
589	-155.768600
590	157.468231
591	165.652054
592	-178.948486
593	-168.163177
594	156.526886
595	146.607971
596	177.641541
597	166.027466
598	157.572372
599	-169.750153
600	-163.902206
601	-170.198212
602	-172.100830
603	142.768356
604	-147.337204
605	-150.401550
606	-161.703384
607	161.451706
608	151.798477
609	160.961517
610	-175.139465
611	172.441986
612	171.342682
613	-161.268768
614	178.992233
615	-175.457153
616	172.687592
617	173.609543
618	-151.149551
619	160.768448
620	179.631775
621	154.364395
622	-161.332626
623	148.510956
624	164.864304
625	149.796463
626	-166.658432
627	-152.729568
628	-161.685120
629	-149.466171
630	-156.473099
631	-164.858109
632	161.075134
633	-178.389572
634	-156.315552
635	-154.782639
636	-178.210449
637	172.706268
638	166.828949
639	159.999252
640	-175.922714
641	-152.427414
642	-179.745026
643	156.118332
644	163.889664
645	-146.861755
646	161.471329
647	-148.907318
648	166.567062
649	-160.757278
650	155.819611
651	-147.431931
652	-156.078247
653	155.916870
654	-167.781433
655	-163.518204
656	-157.971603
657	-166.766510
658	177.388367
659	-154.198395
660	159.759460
661	161.775482
662	152.058701
663	-160.095490
664	-174.030411
665	171.172363
666	157.158447
667	-152.287537
668	171.315216
669	150.747055
670	155.415710
671	146.961960
672	159.052582
673	-179.967468
674	-153.050415
675	-168.612686
676	-164.090591
677	166.969040
678	-173.639069
679	-175.153519
680	-145.997864
681	-163.654770
682	147.950974
683	152.881302
684	149.788834
685	-178.255661
686	-159.177475
687	-151.975433
688	148.216003
689	148.747620
690	-161.596329
691	-177.417114
692	154.906021
693	162.070801
694	-163.518127
695	-164.819824
696	163.655396
697	160.773224
698	168.376297
699	-145.277542
700	162.679062
701	166.160431
702	-169.817795
703	148.297348
704	-152.635300
705	-152.517670
706	-163.822998
707	162.015106
708	177.853714
709	153.935898
710	-171.762222
711	-166.965759
712	164.424820
713	168.301773
714	158.631226
715	145.780869
716	-156.404633
717	-147.067520
718	153.174606
719	158.232925
720	178.176666
721	-159.812683
722	-153.622284
723	152.183929
724	156.943344
725	-162.831436
726	174.130112
727	167.915787
728	146.990509
729	157.689346
730	-172.543564
731	-168.670792
732	159.219116
733	-160.832382
734	167.554779
735	-163.187790
736	159.460388
737	-173.755737
738	-169.213989
739	168.665298
740	161.980759
741	-149.655121
742	159.606888
743	-145.891602
744	155.504303
745	160.054901
746	162.233246
747	159.529892
748	164.956802
749	154.180923
750	161.216309
751	-150.096771
752	-165.186478
753	-151.811554
754	166.100586
755	161.181473
756	176.094208
757	159.661209
758	-153.380295
759	-165.781189
760	-171.284775
761	150.267883
762	-166.407791
763	163.802902
764	-173.686432
765	-153.366867
766	164.210754
767	155.492279
768	153.549545
769	175.648285
770	157.593338
771	153.082886
772	152.496826
773	-151.571609
774	155.559906
775	163.857941
776	166.577286
777	149.515259
778	143.239746
779	167.520081
780	-153.698059
781	162.553589
782	157.065125
783	176.488129
784	160.242599
785	-153.970627
786	-159.005356
787	-179.685181
788	-165.283020
789	148.826736
790	167.531326
791	-172.099640
792	-158.129913
793	-141.959045
794	-154.357590
795	158.289490
796	-157.245605
797	149.708038
798	159.247894
799	158.274185
800	158.118896
801	155.468948
802	158.207504
803	165.747513
804	-169.691238
805	167.980011
806	157.203995
807	155.376923
808	-151.113220
809	-169.218521
810	-152.735611
811	-172.434158
812	153.560837
813	-152.523056
814	-153.389984
815	165.919632
816	-162.509155
817	-151.810562
818	161.371887
819	-171.702042
820	167.111481
821	166.674683
822	-160.371292
823	143.052017
824	-164.748306
825	164.929855
826	155.931198
827	-158.533752
828	-155.084030
829	150.072144
830	154.879898
831	-142.142548
832	-171.651230
833	-169.766632
834	-178.077011
835	173.240753
836	-177.937759
837	-166.606369
838	160.646957
839	-168.079193
840	-162.277405
841	156.373856
842	171.579803
843	153.803162
844	-144.093185
845	174.296234
846	-154.362488
847	-163.430954
848	158.122101
849	-162.539078
850	167.577499
851	146.541672
852	-159.368652
853	172.771820
854	-173.683411
855	-147.033844
856	-143.031525
857	175.641190
858	160.531906
859	-166.896255
860	-163.503479
861	149.313248
862	-165.711670
863	163.507111
864	167.348114
865	171.156113
866	173.554337
867	-174.831055
868	167.918396
869	-151.386215
870	-177.504318
871	157.176880
872	-163.817947
873	145.895508
874	-166.238846
875	149.092896
876	172.291397
877	-153.039764
878	143.958710
879	156.375427
880	-176.144287
881	160.161636
882	-149.874573
883	-168.398453
884	-173.243683
885	-157.434555
886	146.918869
887	163.461792
888	-175.159012
889	148.834259
890	-177.431076
891	177.533646
892	151.533997
893	-167.784622
894	148.899658
895	169.727615
896	165.008270
897	-158.129486
898	175.490433
899	161.660004
900	-166.367722
901	-164.868851
902	166.851486
903	-151.657791
904	-156.802368
905	153.804169
906	162.374878
907	162.741302
908	171.788330
909	-167.574661
910	147.706528
911	-151.811844
912	160.990189
913	-147.787125
914	156.424164
915	154.301361
916	172.464218
917	156.989761
918	156.010071
919	-154.607269
920	147.386551
921	-160.202148
922	175.298798
923	172.918777
924	-159.491531
925	-147.135223
926	-147.292404
927	-148.582413
928	-147.221069
929	-172.244858
930	-147.833603
931	164.028915
932	164.292282
933	175.483292
934	162.172729
935	150.054977
936	162.662720
937	-146.269043
938	144.021301
939	-153.494522
940	-176.017517
941	-151.428848
942	147.978989
943	166.688919
944	170.507935
945	165.041702
946	166.918365
947	165.057541
948	162.169449
949	143.054764
950	152.878296
951	165.382019
952	-157.310257
953	-162.166489
954	156.821655
955	-160.715683
956	154.415756
957	-153.504913
958	164.307175
959	170.078979
960	158.590118
961	146.310791
962	-153.614761
963	157.356247
964	-162.707031
965	153.331741
966	154.011703
967	-155.974274
968	150.675842
969	150.088013
970	-151.317596
971	-169.105530
972	-162.634186
973	-149.208740
974	-151.119995
975	150.558243
976	-163.663757
977	-169.463593
978	177.102448
979	-156.712280
980	-157.969406
981	-166.391205
982	-178.866745
983	156.359543
984	169.724243
985	-160.899734
986	-157.498322
987	153.140579
988	179.334778
989	168.380829
990	151.682236
991	-158.592453
992	-151.048523
993	162.804459
994	143.008606
995	156.453339
996	165.053055
997	-174.891006
998	150.560104
999	172.436722
1000	-158.494659
1001	163.611084
1002	174.326492
1003	170.596069
1004	-175.121918
1005	168.776840
1006	159.084961
1007	175.705368
1008	-162.617340
1009	-159.635498
1010	147.954010
1011	-177.951202
1012	-147.596954
1013	171.465729
1014	159.397781
1015	168.149506
1016	-164.477844
1017	172.097458
1018	158.789795
1019	166.212189
1020	-159.567307
1021	158.692581
1022	-146.683807
1023	169.136658
1024	-169.891495
1025	155.803574
1026	146.921265
1027	-167.006119
1028	179.574417
1029	170.747025
1030	-152.564590
1031	155.706436
1032	-162.874161
1033	178.546387
1034	-175.021530
1035	-154.130020
1036	-149.562958
1037	165.195953
1038	-166.977768
1039	-147.510361
1040	158.158249
1041	-173.533630
1042	-152.850937
1043	154.989456
1044	171.985138
1045	146.858612
1046	-154.398926
1047	-172.906952
1048	149.206467
1049	-143.955246
1050	-164.886353
1051	-168.896133
1052	-171.280579
1053	-153.312592
1054	-158.590469
1055	176.436310
1056	-153.226074
1057	-155.312851
1058	158.811722
1059	-149.125290
1060	162.411118
1061	176.398224
1062	150.077866
1063	150.170792
1064	148.805298
1065	143.351227
1066	151.709106
1067	-169.448654
1068	-170.208694
1069	157.759033
1070	161.060257
1071	162.741455
1072	-152.754395
1073	-143.755508
1074	-151.788498
1075	168.442337
1076	-149.382538
1077	147.655319
1078	161.380920
1079	160.168427
1080	-151.892197
1081	-159.826385
1082	158.799911
1083	-160.974655
1084	-174.957016
1085	-165.093063
1086	173.183975
1087	176.727203
1088	156.233521
1089	-178.587585
1090	154.633560
1091	153.438110
1092	173.881683
1093	-148.363937
1094	157.313278
1095	174.280411
1096	-177.803894
1097	154.755585
1098	159.884476
1099	-175.921539
1100	158.891449
1101	-153.667007
1102	162.821503
1103	179.443481
1104	145.922287
1105	151.401764
1106	148.279739
1107	163.359589
1108	172.168167
1109	-156.857361
1110	-155.984436
1111	164.983337
1112	168.625214
1113	156.762268
1114	-167.949570
1115	-155.016922
1116	-158.389267
1117	158.316238
1118	152.051193
1119	154.124359
1120	150.549133
1121	161.674438
1122	-168.546539
1123	175.240967
1124	140.322861
1125	-157.847290
1126	158.208893
1127	-158.419357
1128	149.025604
1129	-157.768723
1130	-157.381393
1131	-162.655472
1132	-174.519913
1133	164.823120
1134	172.239700
1135	-161.308548
1136	140.665253
1137	-170.144180
1138	-172.044006
1139	-166.272552
1140	-159.307892
1141	-177.307053
1142	152.723755
1143	166.533966
1144	161.108521
1145	-149.656021
1146	156.140549
1147	-171.177322
1148	-177.233948
1149	159.857834
1150	-160.515564
1151	167.148468
1152	157.609909
1153	164.651810
1154	161.111176
1155	-160.627502
1156	153.875870
1157	166.231674
1158	167.589020
1159	-155.330658
1160	-176.122513
1161	151.242126
1162	161.121994
1163	-160.977615
1164	-162.119766
1165	-153.436600
1166	158.603119
1167	148.422699
1168	-154.794830
1169	-145.140274
1170	152.302826
1171	-157.661484
1172	174.595306
1173	144.956192
1174	156.255463
1175	168.182327
1176	153.113312
1177	-175.778717
1178	-152.054047
1179	151.887680
1180	170.304413
1181	162.338074
1182	-164.873550
1183	148.027435
1184	178.510803
1185	-150.185684
1186	-170.466858
1187	158.822601
1188	-145.484207
1189	-150.382156
1190	-161.740616
1191	157.300232
1192	-150.626572
1193	172.089142
1194	-154.413940
1195	168.557022
1196	179.467819
1197	158.458496
1198	165.455353
1199	-154.852112
1200	-165.625565
1201	-173.955688
1202	-150.677948
1203	-176.192917
1204	155.558090
1205	-153.959686
1206	145.477509
1207	-177.230530
1208	162.287201
1209	-175.771255
1210	-150.187271
1211	159.640442
1212	-146.742386
1213	-170.341278
1214	164.668274
1215	153.199112
1216	154.744003
1217	-179.010117
1218	169.677597
1219	148.370834
1220	172.806076
1221	170.371368
1222	-160.312912
1223	148.551270
1224	158.291809
1225	150.365128
1226	172.958038
1227	-155.160797
1228	-155.029114
1229	-164.608002
1230	-161.392349
1231	157.560684
1232	-177.643265
1233	176.287552
1234	159.227478
1235	170.258209
1236	155.478058
1237	143.134979
1238	153.372162
1239	174.931290
1240	-174.501572
1241	145.179184
1242	164.188995
1243	169.245468
1244	-156.201324
1245	-145.140869
1246	-166.790543
1247	161.907532
1248	176.250504
1249	176.613937
1250	152.521408
1251	158.592667
1252	153.112427
1253	-165.848068
1254	-149.514267
1255	-153.635391
1256	-150.726852
1257	-163.907425
1258	148.760696
1259	147.765518
1260	148.644394
1261	-175.779297
1262	-140.202621
1263	-146.421616
1264	-160.163101
1265	164.369720
1266	-158.435623
1267	-151.263535
1268	164.379578
1269	-164.247772
1270	171.843323
1271	167.719193
1272	-158.740585
1273	-146.100479
1274	-147.594193
1275	165.635513
1276	-167.335739
1277	165.865280
1278	167.147293
1279	-152.788101
1280	-166.397064
1281	-160.785614
1282	167.253006
1283	161.815491
1284	-155.566238
1285	-167.084625
1286	-167.486267
1287	147.722733
1288	-171.967911
1289	158.926620
1290	-147.919128
1291	-169.468719
1292	145.803711
1293	-155.513443
1294	146.293274
1295	164.430176
1296	-174.598236
1297	159.729050
1298	156.415512
1299	148.982925
1300	-154.421021
1301	138.616333
1302	157.609344
1303	-151.793076
1304	-148.271667
1305	-161.629608
1306	-164.266907
1307	-152.336914
1308	-151.576294
1309	-169.043823
1310	-175.887589
1311	157.127914
1312	160.854935
1313	174.961060
1314	-159.140533
1315	-152.708481
1316	145.461838
1317	-153.068527
1318	-168.218002
1319	167.567764
1320	171.085052
1321	-153.794632
1322	-162.204697
1323	-163.715881
1324	-160.625198
1325	156.473618
1326	-150.153931
1327	-173.276932
1328	-158.557526
1329	144.129181
1330	-170.223053
1331	-153.362839
1332	162.016235
1333	-153.242538
1334	-152.257660
1335	163.462204
1336	157.315338
1337	146.156937
1338	-178.399979
1339	164.150116
1340	161.948807
1341	-157.853470
1342	145.243973
1343	176.290924
1344	157.870895
1345	-171.406601
1346	-158.590652
1347	-149.226517
1348	-147.392319
1349	163.335785
1350	-155.143631
1351	-172.213623
1352	159.287537
1353	-158.200592
1354	-145.512100
1355	157.704514
1356	145.762360
1357	169.690308
1358	153.642075
1359	152.884247
1360	164.324982
1361	-179.576202
1362	166.960754
1363	-153.980957
1364	158.324310
1365	-155.153656
1366	160.548996
1367	166.457932
1368	-168.235962
1369	-162.790771
1370	-170.916809
1371	160.598053
1372	-167.802231
1373	-155.839661
1374	-173.429199
1375	162.097702
1376	172.217773
1377	-178.177826
1378	-168.607574
1379	-155.155075
1380	-159.206207
1381	-151.984985
1382	158.444733
1383	153.431503
1384	-145.153107
1385	143.244095
1386	149.439117
1387	-143.391083
1388	143.444305
1389	155.179230
1390	147.806122
1391	-162.850693
1392	-150.469254
1393	-155.212036
1394	172.803696
1395	-172.030945
1396	-165.272400
1397	175.514359
1398	169.519257
1399	-160.677521
1400	166.534515
1401	-162.806168
1402	-157.530243
1403	-151.606659
1404	157.422424
1405	-173.723541
1406	-152.539948
1407	166.916763
1408	-163.136642
1409	-149.167145
1410	-144.702408
1411	-157.326233
1412	164.216309
1413	157.964874
1414	148.385620
1415	-156.295242
1416	-161.385635
1417	-164.834549
1418	-158.221466
1419	-157.174149
1420	-157.897095
1421	152.394318
1422	165.652191
1423	148.078278
1424	158.777481
1425	153.453735
1426	-160.304688
1427	165.618896
1428	154.323944
1429	157.753769
1430	-146.298676
1431	-146.958145
1432	-174.969818
1433	-166.085800
1434	149.084152
1435	-179.808365
1436	145.482071
1437	168.624863
1438	165.600479
1439	164.949844
1440	-164.463257
1441	143.469330
1442	-148.919266
1443	-168.064987
1444	-166.437820
1445	-155.083435
1446	170.332932
1447	163.651031
1448	-162.896622
1449	-161.502823
1450	155.943481
1451	158.912445
1452	148.139252
1453	-162.616135
1454	163.418381
1455	-147.823792
1456	160.511658
1457	153.619354
1458	-160.532532
1459	158.063370
1460	144.868484
1461	-141.261078
1462	146.645767
1463	157.220078
1464	146.746277
1465	168.880081
1466	-163.143723
1467	-173.317337
1468	140.972595
1469	170.171097
1470	-157.941177
1471	-167.640610
1472	150.927689
1473	-161.384628
1474	157.528442
1475	-155.224655
1476	150.072906
1477	171.626236
1478	-157.261566
1479	176.409378
1480	146.311203
1481	159.142761
1482	-155.179871
1483	-161.368317
1484	-147.328522
1485	-174.195679
1486	171.232239
1487	-156.568130
1488	153.323135
1489	-152.589508
1490	179.065033
1491	169.568222
1492	175.503143
1493	-175.068100
1494	149.376938
1495	162.562027
1496	-171.303619
1497	163.506744
1498	-172.088577
1499	-169.801254
1500	153.123840
1501	166.722946
1502	-144.538635
1503	-167.671646
1504	-156.876419
1505	154.400101
1506	158.195221
1507	154.993317
1508	168.928558
1509	-147.958298
1510	153.950470
1511	-146.618866
1512	156.575439
1513	-176.668167
1514	152.731003
1515	178.826935
1516	179.886917
1517	150.878769
1518	-165.524216
1519	-146.848724
1520	-153.164917
1521	151.665863
1522	155.293518
1523	165.513443
1524	-163.770645
1525	-143.789825
1526	156.359970
1527	-159.455872
1528	-161.681870
1529	176.392303
1530	-151.572250
1531	170.565125
1532	-156.526520
1533	159.438293
1534	149.408630
1535	-162.680878
1536	174.152344
1537	155.739334
1538	-166.599365
1539	155.356064
1540	-165.196869
1541	-153.462433
1542	157.623718
1543	166.854950
1544	145.582520
1545	156.468552
1546	-159.047684
1547	-149.041168
1548	-168.365341
1549	-164.673691
1550	-155.133591
1551	-170.703842
1552	-148.691605
1553	149.721191
1554	175.003296
1555	154.242874
1556	-164.124649
1557	-148.828125
1558	161.916306
1559	177.805176
1560	161.288574
1561	-150.060638
1562	176.456207
1563	-163.148697
1564	144.240112
1565	152.991547
1566	146.025131
1567	-163.446152
1568	156.796555
1569	-149.490891
1570	167.764740
1571	-158.458755
1572	152.528336
1573	158.506088
1574	-171.735077
1575	163.227402
1576	170.281326
1577	-156.593948
1578	-148.427032
1579	-158.738052
1580	-155.851791
1581	-153.626862
1582	179.736313
1583	-173.894241
1584	149.343033
1585	-150.414780
1586	-165.787720
1587	153.224640
1588	-152.870712
1589	155.981842
1590	-148.099640
1591	-156.631531
1592	-169.646957
1593	168.990845
1594	152.594925
1595	-172.644455
1596	146.822617
1597	-160.405151
1598	-149.582413
1599	-165.261841
1600	-154.124237
1601	-149.538376
1602	158.602554
1603	-151.771759
1604	161.292175
1605	-155.845367
1606	179.514221
1607	-153.635086
1608	155.723404
1609	-161.504623
1610	172.005722
1611	153.898361
1612	-154.701508
1613	165.411697
1614	176.069794
1615	150.084747
1616	152.520035
1617	-165.827148
1618	-162.691681
1619	-152.321152
1620	169.249161
1621	146.759827
1622	-162.270477
1623	-161.823624
1624	-149.558884
1625	150.091431
1626	145.099304
1627	-166.811478
1628	142.956482
1629	151.397827
1630	-151.552216
1631	-157.633072
1632	-146.886459
1633	159.975632
1634	143.346634
1635	177.089615
1636	153.700668
1637	155.520874
1638	-172.182770
1639	-160.981125
1640	162.071396
1641	-161.179657
1642	149.299118
1643	-158.647842
1644	-178.096390
1645	177.879272
1646	160.375748
1647	-171.298492
1648	159.796829
1649	170.450974
1650	163.185074
1651	168.231323
1652	168.539032
1653	-146.624115
1654	165.467422
1655	162.259064
1656	175.864639
1657	-144.224701
1658	162.716797
1659	151.354645
1660	162.335022
1661	-166.471161
1662	147.973267
1663	-161.726868
1664	141.606598
1665	-166.715973
1666	-151.121475
1667	-169.015106
1668	-172.510544
1669	173.967575
1670	167.909927
1671	-160.820312
1672	170.680801
1673	147.179962
1674	147.014877
1675	172.614700
1676	149.936127
1677	-158.301239
1678	154.057068
1679	-144.868301
1680	-166.508728
1681	-166.631805
1682	-150.055542
1683	147.548431
1684	162.334244
1685	-146.190125
1686	-153.157745
1687	161.331863
1688	-159.436844
1689	-155.861572
1690	155.339142
1691	-150.042160
1692	156.073166
1693	-155.452652
1694	-162.550735
1695	-158.917496
1696	164.669785
1697	-147.987625
1698	154.110794
1699	160.954865
1700	-147.794785
1701	147.367599
1702	-167.554001
1703	-159.030334
1704	-146.904694
1705	151.337021
1706	150.405609
1707	171.364532
1708	-156.674026
1709	155.533844
1710	158.011490
1711	-152.572525
1712	155.621155
1713	-174.283157
1714	145.534973
1715	-170.127792
1716	171.336899
1717	-152.677856
1718	-162.447830
1719	160.909821
1720	-165.067352
1721	-159.105850
1722	-164.243790
1723	-154.888107
1724	-158.232254
1725	-167.811996
1726	149.901428
1727	170.147507
1728	-146.930771
1729	-152.372803
1730	-148.987564
1731	162.737717
1732	150.558273
1733	165.325546
1734	149.996597
1735	-165.402191
1736	165.494217
1737	-147.421036
1738	162.460281
1739	167.101151
1740	-165.755722
1741	-152.819183
1742	168.589142
1743	158.826462
1744	-153.449356
1745	-155.779892
1746	-175.823044
1747	-165.109390
1748	-173.868195
1749	-162.393967
1750	-174.953461
1751	-177.025406
1752	-151.618866
1753	156.582352
1754	-154.049377
1755	-171.960297
1756	-163.935211
1757	163.606796
1758	153.873291
1759	-162.393723
1760	-157.215576
1761	160.459839
1762	-157.711334
1763	-163.024078
1764	-154.526978
1765	-145.986465
1766	154.585922
1767	160.098114
1768	-169.381775
1769	162.476746
1770	150.277420
1771	149.197968
1772	-176.791428
1773	-155.543015
1774	-160.128387
1775	147.632706
1776	-157.108002
1777	145.657181
1778	-147.899841
1779	173.597214
1780	-145.522705
1781	-166.025024
1782	-158.625610
1783	-155.084564
1784	161.768997
1785	161.199890
1786	175.653778
1787	-166.743317
1788	-171.734955
1789	-160.787476
1790	-160.647964
1791	-168.133179
1792	175.178467
1793	152.755295
1794	147.910660
1795	154.705902
1796	-156.845642
1797	162.399597
1798	-161.404358
1799	-162.056076
1800	-149.008224
1801	-156.957336
1802	-170.556915
1803	175.009445
1804	-143.806885
1805	-162.572769
1806	-153.923477
1807	-151.376831
1808	-152.581482
1809	-170.745743
1810	159.603989
1811	-143.063477
1812	154.835800
1813	170.553513
1814	163.959671
1815	-147.751373
1816	-172.899490
1817	-167.760849
1818	147.222580
1819	-162.297852
1820	146.165421
1821	-153.237564
1822	-153.597000
1823	164.473434
1824	-156.431198
1825	167.530121
1826	167.902740
1827	164.241425
1828	-154.837692
1829	158.364410
1830	-154.676056
1831	-170.819183
1832	-157.978363
1833	167.795456
1834	-159.362030
1835	170.334763
1836	-145.990128
1837	148.130386
1838	-149.185776
1839	-176.212616
1840	178.333832
1841	-163.477005
1842	154.212845
1843	169.249390
1844	155.439087
1845	-160.745483
1846	-157.006424
1847	154.963272
1848	165.913651
1849	162.108231
1850	-169.228363
1851	151.342178
1852	153.070068
1853	147.414673
1854	165.296585
1855	-167.598633
1856	175.152435
1857	-171.932251
1858	161.272522
1859	152.098236
1860	150.391525
1861	165.350876
1862	167.282791
1863	175.990189
1864	-156.790222
1865	177.020065
1866	160.980850
1867	146.326630
1868	155.524994
1869	-152.690445
1870	-159.236099
1871	158.061554
1872	-159.099518
1873	-173.924820
1874	145.844849
1875	167.794266
1876	160.622055
1877	-171.169846
1878	148.084412
1879	-178.496414
1880	163.385101
1881	154.478806
1882	-157.668930
1883	174.479401
1884	159.339249
1885	154.645020
1886	150.488434
1887	-154.008179
1888	-151.089630
1889	157.922241
1890	-156.029053
1891	-151.397491
1892	156.086365
1893	154.304535
1894	157.679962
1895	-175.577606
1896	-153.031830
1897	-158.413177
1898	154.531631
1899	-158.354767
1900	-159.182755
1901	150.532761
1902	-154.413956
1903	-169.744110
1904	-170.547852
1905	-154.754883
1906	178.964188
1907	164.745575
1908	-148.729874
1909	172.166245
1910	162.075195
1911	151.249039
1912	156.656937
1913	-159.153214
1914	149.880768
1915	-167.225143
1916	-173.998260
1917	-145.147095
1918	-148.733383
1919	164.328735
1920	167.496841
1921	153.055679
1922	-174.643082
1923	-152.527405
1924	-160.275467
1925	176.943344
1926	-157.690155
1927	-155.112991
1928	157.389954
1929	-150.012344
1930	161.663101
1931	151.822464
1932	-145.227859
1933	-153.784164
1934	-142.038605
1935	169.475845
1936	-167.531952
1937	-151.464386
1938	-144.403397
1939	147.362411
1940	-163.987518
1941	148.930496
1942	-153.511688
1943	164.057327
1944	-141.099686
1945	162.585800
1946	-162.650482
1947	-155.520782
1948	162.794403
1949	167.660339
1950	164.216339
1951	147.415543
1952	161.787231
1953	172.406342
1954	-160.221069
1955	165.861679
1956	152.017349
1957	-150.517868
1958	-156.195190
1959	164.552277
1960	-176.821899
1961	153.965546
1962	-154.140732
1963	171.683014
1964	173.737015
1965	-154.302963
1966	146.695450
1967	151.028900
1968	158.464401
1969	-170.652847
1970	162.458710
1971	162.678329
1972	-172.326569
1973	-176.388641
1974	-143.305664
1975	157.422485
1976	175.947968
1977	-154.445175
1978	-169.231796
1979	168.127396
1980	150.014786
1981	172.423325
1982	-152.463348
1983	-157.200653
1984	168.770081
1985	161.013107
1986	-144.763321
1987	160.526215
1988	-161.797516
1989	164.578461
1990	158.854797
1991	152.575592
1992	-154.389435
1993	153.346741
1994	158.392685
1995	145.705627
1996	-164.743469
1997	-157.891373
1998	166.631790
1999	-153.292252
2000	-174.920837
2001	178.583145
2002	-155.493561
2003	156.859360
2004	-175.634171
2005	155.372482
2006	174.188217
2007	165.025833
2008	-151.326553
2009	-153.801544
2010	-154.177399
2011	-152.051971
2012	161.157181
2013	178.625641
2014	-153.445099
2015	158.947647
2016	-154.802155
2017	153.103546
2018	154.899506
2019	162.023773
2020	-154.949661
2021	150.265778
2022	-174.835861
2023	153.170609
2024	-152.242859
2025	151.166382
2026	-152.687775
2027	-145.930573
2028	159.992584
2029	171.544464
2030	163.139465
2031	-167.894287
2032	-149.729340
2033	-157.172058
2034	167.486984
2035	149.586884
2036	-155.000610
2037	158.482071
2038	159.391006
2039	147.418381
2040	-162.446426
2041	-165.008743
2042	-141.575592
2043	157.967987
2044	-167.583908
2045	156.327408
2046	-166.361862
2047	-148.750595
2048	-154.238235
2049	-169.075867
2050	169.190750
2051	-150.107254
2052	-154.143555
2053	155.511551
2054	-158.681885
2055	153.350830
2056	-162.639694
2057	148.235214
2058	-156.486389
2059	-157.499374
2060	158.877167
2061	-151.523209
2062	-146.132126
2063	163.552109
2064	-162.979950
2065	162.694443
2066	-162.079056
2067	-160.146118
2068	167.420746
2069	153.068146
2070	165.940994
2071	-163.624573
2072	-146.788132
2073	169.065582
2074	-159.597412
2075	-164.903336
2076	165.978577
2077	179.884262
2078	-168.404388
2079	156.739624
2080	-157.287842
2081	159.085739
2082	-165.990417
2083	-157.494675
2084	-153.960037
2085	-168.768661
2086	-157.818481
2087	-167.546906
2088	153.360016
2089	157.780029
2090	-179.232849
2091	162.936783
2092	165.595978
2093	-156.132584
2094	-156.307068
2095	170.983246
2096	174.528900
2097	150.006821
2098	-174.982666
2099	160.475510
2100	153.062897
2101	-154.008942
2102	165.248627
2103	-179.287231
2104	172.712204
2105	151.417908
2106	158.484787
2107	166.962219
2108	160.294022
2109	150.317398
2110	-160.072723
2111	161.784561
2112	-156.123856
2113	-153.090103
2114	-160.626099
2115	156.202057
2116	-157.667847
2117	156.791351
2118	-144.207779
2119	-165.560928
2120	-163.694427
2121	173.906052
2122	156.621597
2123	159.371887
2124	-164.160797
2125	157.503174
2126	-178.051880
2127	156.693329
2128	-165.745224
2129	-150.783356
2130	-174.535248
2131	-175.826172
2132	-151.237991
2133	167.837357
2134	166.392761
2135	-171.406845
2136	-170.438873
2137	-157.634262
2138	-146.514267
2139	156.640442
2140	154.299927
2141	-155.170914
2142	168.339066
2143	163.316849
2144	151.063232
2145	154.724731
2146	-164.615387
2147	149.751007
2148	179.928955
2149	166.942276
2150	-157.957138
2151	141.731125
2152	153.128036
2153	161.512695
2154	-151.485580
2155	-175.750458
2156	172.050903
2157	154.650986
2158	-149.929489
2159	160.214157
2160	148.301529
2161	-159.556595
2162	152.363922
2163	-147.767853
2164	157.656403
2165	-153.197800
2166	152.556198
2167	154.857849
2168	156.998749
2169	154.610687
2170	-164.347778
2171	-165.370773
2172	-167.963608
2173	-179.054108
2174	-147.179764
2175	-149.229324
2176	-173.773590
2177	-152.460495
2178	-158.785995
2179	168.963745
2180	-148.419418
2181	170.306992
2182	-164.832336
2183	-164.898422
2184	-157.522339
2185	165.412613
2186	-149.916199
2187	162.404022
2188	-144.877777
2189	-148.393677
2190	-154.039841
2191	-152.377960
2192	175.220673
2193	176.242752
2194	153.639572
2195	162.468903
2196	156.957581
2197	153.572586
2198	-171.851791
2199	-172.864227
2200	171.564468
2201	158.792999
2202	173.004089
2203	-160.317673
2204	172.416168
2205	153.090195
2206	-153.359650
2207	-161.474777
2208	166.160751
2209	169.680435
2210	-170.871078
2211	-159.880783
2212	-161.718643
2213	155.721558
2214	179.766220
2215	-150.967484
2216	-154.901001
2217	-157.181686
2218	156.181427
2219	157.798264
2220	-167.010391
2221	-163.325897
2222	157.598099
2223	-166.261017
2224	147.148544
2225	152.227448
2226	161.060379
2227	-146.819122
2228	177.478226
2229	167.514877
2230	175.841461
2231	161.248825
2232	157.272507
2233	-159.459457
2234	168.593445
2235	-158.185211
2236	-178.535706
2237	151.859726
2238	156.767868
2239	-159.372910
2240	164.424896
2241	168.460281
2242	157.701477
2243	168.507935
2244	-168.820160
2245	169.451370
2246	-161.915085
2247	151.797440
2248	-161.155640
2249	142.293747
2250	147.181076
2251	154.195419
2252	166.055740
2253	164.671310
2254	155.690811
2255	-177.084122
2256	-158.690109
2257	147.858063
2258	149.198257
2259	171.732162
2260	-144.350967
2261	-158.059372
2262	170.508331
2263	-154.140518
2264	150.523590
2265	-156.692047
2266	162.111954
2267	178.154251
2268	-175.171021
2269	-147.063766
2270	157.171127
2271	-172.848160
2272	154.579346
2273	166.992523
2274	-167.754120
2275	-167.779358
2276	151.929993
2277	178.578049
2278	158.143829
2279	-152.958206
2280	161.960419
2281	172.662369
2282	-159.431183
2283	166.621490
2284	145.248627
2285	-149.466705
2286	-157.424713
2287	158.402710
2288	150.608124
2289	161.356369
2290	-155.797852
2291	169.146164
2292	-155.776062
2293	-149.570770
2294	-156.005096
2295	156.183929
2296	159.960434
2297	-157.219330
2298	-173.705856
2299	174.348495
2300	-155.430939
2301	146.304413
2302	179.536972
2303	-164.775742
2304	-154.908615
2305	-171.380844
2306	-156.722458
2307	-162.352798
2308	148.169907
2309	161.974365
2310	-150.025055
2311	179.756317
2312	173.011963
2313	-158.652939
2314	-143.916168
2315	-160.044373
2316	-159.555252
2317	176.762939
2318	-153.182236
2319	-158.931732
2320	170.383652
2321	158.591934
2322	152.737427
2323	-167.027206
2324	-165.015656
2325	-145.036880
2326	-143.597305
2327	158.787125
2328	-147.769913
2329	-173.006393
2330	-166.308136
2331	152.770477
2332	-159.838684
2333	160.640808
2334	-164.919830
2335	-168.985413
2336	-157.318085
2337	155.192673
2338	-160.475739
2339	154.439972
2340	-148.965225
2341	171.164749
2342	-161.320267
2343	-150.185211
2344	-154.590836
2345	-178.424622
2346	155.844009
2347	148.454056
2348	-158.350372
2349	-150.296463
2350	168.282394
2351	168.277451
2352	150.316956
2353	-164.957672
2354	177.725800
2355	158.450134
2356	142.476837
2357	164.239639
2358	-158.028473
2359	-165.025085
2360	156.066223
2361	157.767349
2362	-163.025696
2363	149.493515
2364	156.600525
2365	142.897980
2366	-165.777008
2367	156.877396
2368	-160.345551
2369	175.132095
2370	-154.988297
2371	154.719452
2372	-157.150909
2373	-154.135284
2374	-157.470596
2375	161.345001
2376	174.134293
2377	-168.594818
2378	-143.612808
2379	-175.158325
2380	-168.624512
2381	-176.759216
2382	165.228516
2383	-157.917404
2384	151.611481
2385	-152.837341
2386	-163.545197
2387	-149.766724
2388	-148.918488
2389	-161.035477
2390	159.807556
2391	-162.633301
2392	165.921875
2393	-153.746933
2394	-163.372192
2395	-158.079773
2396	-163.425781
2397	149.533447
2398	159.134384
2399	172.604263
2400	150.798706
2401	-157.612503
2402	153.962372
2403	-164.228943
2404	147.441422
2405	-155.605942
2406	-158.772110
2407	-150.492386
2408	146.960693
2409	-151.291992
2410	159.094727
2411	159.443497
2412	163.307632
2413	-155.405060
2414	156.012726
2415	-166.765732
2416	-161.549500
2417	148.239944
2418	147.659882
2419	-171.371994
2420	-155.027328
2421	-163.533951
2422	-148.002457
2423	-168.234741
2424	-164.197174
2425	-174.806839
2426	147.422394
2427	-156.126938
2428	149.738892
2429	-179.394485
2430	-172.890762
2431	-153.278671
2432	162.643860
2433	-162.000732
2434	-147.636383
2435	-169.848770
2436	164.372742
2437	-161.095078
2438	-149.067429
2439	-149.455414
2440	160.050354
2441	-178.648651
2442	-154.019867
2443	-153.533432
2444	150.586227
2445	166.266495
2446	-156.505814
2447	-173.075317
2448	-147.012650
2449	168.550674
2450	-156.301743
2451	148.655746
2452	-169.118454
2453	-162.712097
2454	-163.567474
2455	159.333130
2456	-150.553436
2457	-150.896118
2458	-152.098602
2459	-156.704422
2460	-166.934357
2461	154.087540
2462	156.244354
2463	-166.476227
2464	172.087372
2465	-150.968643
2466	164.143692
2467	-167.651459
2468	150.829910
2469	-146.705841
2470	174.905548
2471	163.888306
2472	148.916489
2473	156.921021
2474	157.779358
2475	-164.229523
2476	160.125107
2477	-163.039047
2478	147.069763
2479	145.085419
2480	-144.484436
2481	166.428009
2482	-148.316071
2483	152.620163
2484	178.407379
2485	-158.989517
2486	-170.040421
2487	179.766220
2488	148.879608
2489	-154.938538
2490	150.434891
2491	173.457947
2492	-153.014984
2493	-165.708633
2494	-153.771072
2495	154.929413
2496	-162.528275
2497	-157.707962
2498	150.628311
2499	150.470505
2500	-165.705948
2501	-149.372314
2502	-160.151642
2503	-168.886505
2504	-169.176819
2505	-143.711517
2506	-156.975082
2507	-150.773865
2508	165.882187
2509	-158.182495
2510	168.049301
2511	-156.371796
2512	-155.934738
2513	-148.397141
2514	165.920624
2515	-150.257141
2516	-160.136948
2517	-151.100922
2518	-174.441513
2519	159.649155
2520	171.693756
2521	160.250122
2522	-174.893875
2523	-150.328674
2524	172.831375
2525	-163.853546
2526	-175.296951
2527	155.341232
2528	157.996216
2529	-170.397385
2530	-162.022720
2531	-158.507874
2532	169.815811
2533	-157.697449
2534	153.021393
2535	162.493515
2536	152.191605
2537	-151.666199
2538	161.632019
2539	-168.252090
2540	152.102539
2541	-162.953400
2542	162.004837
2543	-151.145325
2544	158.272507
2545	-166.596161
2546	-179.123260
2547	152.149628
2548	161.301331
2549	-154.202362
2550	161.511856
2551	165.877319
2552	143.395828
2553	-172.665359
2554	-173.073029
2555	-154.402512
2556	-150.390427
2557	-151.860077
2558	146.410400
2559	-162.393890
2560	165.248978
2561	-147.586182
2562	-170.156601
2563	146.848465
2564	-165.468140
2565	-177.028458
2566	149.626984
2567	170.866760
2568	-159.019714
2569	-169.283554
2570	-170.681717
2571	-157.756439
2572	-162.526886
2573	141.930298
2574	-159.240860
2575	168.985092
2576	-148.069626
2577	-144.075821
2578	-166.105026
2579	-150.846741
2580	-156.550568
2581	-154.212830
2582	-159.694870
2583	-158.816757
2584	-165.557251
2585	-166.453201
2586	-161.013702
2587	150.222351
2588	162.503967
2589	153.706863
2590	173.968094
2591	171.357895
2592	-153.670792
2593	147.081757
2594	146.316788
2595	-150.013824
2596	152.261658
2597	-164.223480
2598	165.044235
2599	-150.474686
2600	-167.686890
2601	159.232361
2602	164.970428
2603	157.876404
2604	147.240875
2605	152.465271
2606	173.972672
2607	-154.486221
2608	-145.414810
2609	-144.570404
2610	160.025513
2611	152.120361
2612	-150.045242
2613	169.168579
2614	159.101227
2615	-146.952667
2616	-173.902206
2617	164.806381
2618	159.114655
2619	-159.525345
2620	-156.759888
2621	-155.668747
2622	157.487091
2623	158.453796
2624	164.287674
2625	-151.604401
2626	-167.602585
2627	152.757645
2628	-149.514893
2629	-152.865021
2630	153.912430
2631	-146.616379
2632	151.474899
2633	157.752808
2634	-144.866547
2635	-179.493652
2636	-145.730240
2637	151.258606
2638	-160.060410
2639	-163.633316
2640	152.896088
2641	-146.268723
2642	166.001602
2643	176.804489
2644	-165.594147
2645	-175.574905
2646	148.253784
2647	-162.593445
2648	-161.809937
2649	-157.914841
2650	150.495712
2651	167.745483
2652	155.927841
2653	152.613022
2654	168.383682
2655	-168.450546
2656	156.626724
2657	171.601486
2658	169.344269
2659	-151.691147
2660	148.868912
2661	-159.169327
2662	179.371414
2663	159.995972
2664	170.114578
2665	-161.162674
2666	154.404022
2667	153.178741
2668	169.586945
2669	-152.707489
2670	-150.691818
2671	153.509445
2672	-175.403961
2673	166.092285
2674	155.868057
2675	155.465271
2676	158.647797
2677	-157.550919
2678	163.741043
2679	-145.286118
2680	154.740768
2681	-160.538605
2682	169.860321
2683	-170.640427
2684	171.195938
2685	-150.865356
2686	-148.591568
2687	-166.279633
2688	-158.266205
2689	-157.434662
2690	-170.646072
2691	-171.062958
2692	-163.234589
2693	-161.635635
2694	-155.204315
2695	-151.727112
2696	-171.788864
2697	178.710861
2698	-143.023224
2699	157.179840
2700	159.783264
2701	-152.238647
2702	153.992340
2703	158.981949
2704	-177.810516
2705	157.126968
2706	158.276932
2707	-147.253159
2708	-163.625290
2709	165.578247
2710	-150.851898
2711	-160.782990
2712	169.784851
2713	-167.300156
2714	146.371124
2715	-175.742783
2716	-174.044052
2717	149.161789
2718	-167.114822
2719	-163.596054
2720	-151.629288
2721	-148.825897
2722	-171.672516
2723	163.500610
2724	-153.564621
2725	155.554108
2726	162.065125
2727	-156.459793
2728	-159.610596
2729	-148.839691
2730	156.928070
2731	172.733063
2732	-150.962662
2733	153.113144
2734	159.615509
2735	154.023483
2736	155.160782
2737	146.402878
2738	145.497894
2739	165.733932
2740	156.894760
2741	-154.637619
2742	-145.498672
2743	-156.536835
2744	-153.580002
2745	153.737915
2746	177.877640
2747	150.121063
2748	-169.510696
2749	-173.990768
2750	171.427963
2751	164.757935
2752	-156.492828
2753	-172.667221
2754	-153.266418
2755	-170.345139
2756	-157.952652
2757	150.155441
2758	167.761871
2759	178.513931
2760	-153.130524
2761	149.782242
2762	-158.529251
2763	151.164825
2764	176.525986
2765	172.315033
2766	-150.892441
2767	156.220062
2768	146.829376
2769	-157.022720
2770	151.956589
2771	-162.997238
2772	-153.100433
2773	-178.698608
2774	146.167694
2775	-149.342819
2776	-168.506119
2777	-161.415634
2778	-173.245621
